1	1	2	1	0.3		293.5	N/A	0	0	0	0	0	0	0	0	0	0	0	0		
1	1	2	1	0.3		293.5	N/A	0.003	-0.00104347	-0.000966774	-0.000246898	-4.02355e-21	-1.31119e-21	77.3228	-7.32747e-15	3.66374e-15	0	2.88789e-17	-6.88559e-18		
1	1	2	2	0.3		293.5	N/A	0.006	-0.00208693	-0.00193355	-0.000493797	-1.11041e-20	-1.86179e-21	154.646	-6.21725e-15	1.93179e-14	0	2.88789e-17	-6.88559e-18		
1	1	2	3	0.3		293.5	N/A	0.009	-0.0031304	-0.00290032	-0.000740695	-1.81846e-20	-2.4124e-21	231.968	-5.77316e-15	3.5083e-14	0	2.88789e-17	-6.88559e-18		
1	1	2	4	0.3		293.5	N/A	0.012	-0.00417387	-0.0038671	-0.000987593	-2.52651e-20	-2.96301e-21	309.291	-6.21725e-15	5.15143e-14	0	2.88789e-17	-6.88559e-18		
1	1	2	5	0.3		293.5	N/A	0.015	-0.00521733	-0.00483387	-0.00123449	-3.23457e-20	-3.51361e-21	386.614	-4.44089e-15	6.75016e-14	0	2.88789e-17	-6.88559e-18		
1	1	2	6	0.3		293.5	N/A	0.018	-0.0062608	-0.00580064	-0.00148139	-3.94262e-20	-4.06422e-21	463.937	-4.44089e-15	8.34888e-14	0	2.88789e-17	-6.88559e-18		
1	1	2	7	0.3		293.5	N/A	0.021	-0.00730427	-0.00676742	-0.00172829	-4.65067e-20	-4.61483e-21	541.26	-1.77636e-15	9.99201e-14	0	2.88789e-17	-6.88559e-18		
1	1	2	8	0.3		293.5	N/A	0.024	-0.00834774	-0.00773419	-0.00197519	-5.35872e-20	-5.16543e-21	618.582	-1.77636e-15	1.16351e-13	0	2.88789e-17	-6.88559e-18		
1	1	2	9	0.3		293.5	N/A	0.027	-0.0093912	-0.00870096	-0.00222208	-6.06678e-20	-5.71604e-21	695.905	-1.77636e-15	1.33227e-13	-7.10543e-15	2.88789e-17	-6.88559e-18		
1	1	2	10	0.3		293.5	N/A	0.03	-0.0104347	-0.00966774	-0.00246898	-6.77483e-20	-6.26664e-21	773.228	1.77636e-15	1.50102e-13	-7.10543e-15	2.88789e-17	-6.88559e-18		
1	1	2	11	0.3		293.5	N/A	0.033	-0.0114781	-0.0106345	-0.00271588	-7.48288e-20	-6.81725e-21	850.551	3.55271e-15	1.66978e-13	-1.06581e-14	2.88789e-17	-6.88559e-18		
1	1	2	12	0.3		293.5	N/A	0.036	-0.0125216	-0.0116013	-0.00296278	-8.19093e-20	-7.36786e-21	927.874	1.24345e-14	1.82965e-13	-1.06581e-14	2.88789e-17	-6.88559e-18		
1	1	2	13	0.3		293.5	N/A	0.039	-0.0135651	-0.0125681	-0.00320968	-8.89899e-20	-7.91846e-21	1005.2	1.42109e-14	1.98952e-13	-1.42109e-14	2.88789e-17	-6.88559e-18		
1	1	2	14	0.3		293.5	N/A	0.042	-0.0146085	-0.0135348	-0.00345658	-9.60704e-20	-8.46907e-21	1082.52	1.95399e-14	2.15827e-13	-1.42109e-14	2.88789e-17	-6.88559e-18		
1	1	2	15	0.3		293.5	N/A	0.045	-0.015652	-0.0145016	-0.00370347	-1.03151e-19	-9.01967e-21	1159.84	2.4869e-14	2.34479e-13	-2.13163e-14	2.88789e-17	-6.88559e-18		
1	1	2	16	0.3		293.5	N/A	0.048	-0.0166955	-0.0154684	-0.00395037	-1.10231e-19	-9.57028e-21	1237.16	3.55271e-14	2.4869e-13	-2.13163e-14	2.88789e-17	-6.88559e-18		
1	1	2	17	0.3		293.5	N/A	0.051	-0.0177389	-0.0164352	-0.00419727	-1.17312e-19	-1.01209e-20	1314.49	3.90799e-14	2.64677e-13	-2.13163e-14	2.88789e-17	-6.88559e-18		
1	1	2	18	0.3		293.5	N/A	0.054	-0.0187824	-0.0174019	-0.00444417	-1.24392e-19	-1.06715e-20	1391.81	4.61853e-14	2.80664e-13	-2.84217e-14	2.88789e-17	-6.88559e-18		
1	1	2	19	0.3		293.5	N/A	0.057	-0.0198259	-0.0183687	-0.00469107	-1.31473e-19	-1.12221e-20	1469.13	4.9738e-14	2.96652e-13	-3.55271e-14	2.88789e-17	-6.88559e-18		
1	1	2	20	0.3		293.5	N/A	0.06	-0.0208693	-0.0193355	-0.00493797	-1.38554e-19	-1.17727e-20	1546.46	5.68434e-14	3.12639e-13	-2.13163e-14	2.88789e-17	-6.88559e-18		
1	1	2	21	0.3		293.5	N/A	0.063	-0.0219128	-0.0203023	-0.00518486	-1.45634e-19	-1.23233e-20	1623.78	6.39488e-14	3.28626e-13	-2.13163e-14	2.88789e-17	-6.88559e-18		
1	1	2	22	0.3		293.5	N/A	0.066	-0.0229563	-0.021269	-0.00543176	-1.52715e-19	-1.28739e-20	1701.1	6.75016e-14	3.42837e-13	-2.84217e-14	2.88789e-17	-6.88559e-18		
1	1	2	23	0.3		293.5	N/A	0.069	-0.0239997	-0.0222358	-0.00567866	-1.59795e-19	-1.34245e-20	1778.42	7.4607e-14	3.606e-13	-2.13163e-14	2.88789e-17	-6.88559e-18		
1	1	2	24	0.3		293.5	N/A	0.072	-0.0250432	-0.0232026	-0.00592556	-1.66876e-19	-1.39751e-20	1855.75	7.81597e-14	3.76588e-13	-7.10543e-15	2.88789e-17	-6.88559e-18		
1	1	2	25	0.3		293.5	N/A	0.075	-0.0260867	-0.0241693	-0.00617246	-1.73956e-19	-1.45257e-20	1933.07	8.17124e-14	3.90799e-13	-1.42109e-14	2.88789e-17	-6.88559e-18		
1	1	2	26	0.3		293.5	N/A	0.078	-0.0271301	-0.0251361	-0.00641936	-1.81037e-19	-1.50763e-20	2010.39	8.52651e-14	4.08562e-13	0	2.88789e-17	-6.88559e-18		
1	1	2	27	0.3		293.5	N/A	0.081	-0.0281736	-0.0261029	-0.00666625	-1.88117e-19	-1.56269e-20	2087.72	9.23706e-14	4.31655e-13	0	2.88789e-17	-6.88559e-18		
1	1	2	28	0.3		293.5	N/A	0.084	-0.0292171	-0.0270697	-0.00691315	-1.95198e-19	-1.61776e-20	2165.04	9.59233e-14	4.47642e-13	0	2.88789e-17	-6.88559e-18		
1	1	2	29	0.3		293.5	N/A	0.087	-0.0302605	-0.0280364	-0.00716005	-2.02278e-19	-1.67282e-20	2242.36	9.9476e-14	4.61853e-13	0	2.88789e-17	-6.88559e-18		
1	1	2	30	0.3		293.5	N/A	0.09	-0.031304	-0.0290032	-0.00740695	-2.09359e-19	-1.72788e-20	2319.68	1.06581e-13	4.79616e-13	0	2.88789e-17	-6.88559e-18		
1	1	2	31	0.3		293.5	N/A	0.093	-0.0323475	-0.02997	-0.00765385	-2.16439e-19	-1.78294e-20	2397.01	1.13687e-13	4.9738e-13	0	2.88789e-17	-6.88559e-18		
1	1	2	32	0.3		293.5	N/A	0.096	-0.0333909	-0.0309368	-0.00790075	-2.2352e-19	-1.838e-20	2474.33	1.20792e-13	5.15143e-13	0	2.88789e-17	-6.88559e-18		
1	1	2	33	0.3		293.5	N/A	0.099	-0.0344344	-0.0319035	-0.00814764	-2.306e-19	-1.89306e-20	2551.65	1.27898e-13	5.29354e-13	2.84217e-14	2.88789e-17	-6.88559e-18		
1	1	2	34	0.3		293.5	N/A	0.102	-0.0354779	-0.0328703	-0.00839454	-2.37681e-19	-1.94812e-20	2628.98	1.27898e-13	5.47118e-13	1.42109e-14	2.88789e-17	-6.88559e-18		
1	1	2	35	0.3		293.5	N/A	0.105	-0.0365213	-0.0338371	-0.00864144	-2.44761e-19	-2.00318e-20	2706.3	1.35003e-13	5.61329e-13	1.42109e-14	2.88789e-17	-6.88559e-18		
1	1	2	36	0.3		293.5	N/A	0.108	-0.0375648	-0.0348039	-0.00888834	-2.51842e-19	-2.05824e-20	2783.62	1.42109e-13	5.71987e-13	2.84217e-14	2.88789e-17	-6.88559e-18		
1	1	2	37	0.3		293.5	N/A	0.111	-0.0386083	-0.0357706	-0.00913524	-2.58922e-19	-2.1133e-20	2860.94	1.49214e-13	5.79092e-13	2.84217e-14	2.88789e-17	-6.88559e-18		
1	1	2	38	0.3		293.5	N/A	0.114	-0.0396517	-0.0367374	-0.00938214	-2.66003e-19	-2.16836e-20	2938.27	1.56319e-13	5.8975e-13	2.84217e-14	2.88789e-17	-6.88559e-18		
1	1	2	39	0.3		293.5	N/A	0.117	-0.0406952	-0.0377042	-0.00962903	-2.73084e-19	-2.22342e-20	3015.59	1.56319e-13	5.96856e-13	5.68434e-14	2.88789e-17	-6.88559e-18		
1	1	2	40	0.3		293.5	N/A	0.12	-0.0417387	-0.038671	-0.00987593	-2.80164e-19	-2.27848e-20	3092.91	1.56319e-13	6.11067e-13	1.42109e-14	2.88789e-17	-6.88559e-18		
1	1	2	41	0.3		293.5	N/A	0.123	-0.0427821	-0.0396377	-0.0101228	-2.87245e-19	-2.33354e-20	3170.24	1.63425e-13	6.18172e-13	0	2.88789e-17	-6.88559e-18		
1	1	2	42	0.3		293.5	N/A	0.126	-0.0438256	-0.0406045	-0.0103697	-2.94325e-19	-2.3886e-20	3247.56	1.56319e-13	6.32383e-13	2.84217e-14	2.88789e-17	-6.88559e-18		
1	1	2	43	0.3		293.5	N/A	0.129	-0.0448691	-0.0415713	-0.0106166	-3.01406e-19	-2.44366e-20	3324.88	1.63425e-13	6.39488e-13	0	2.88789e-17	-6.88559e-18		
1	1	2	44	0.3		293.5	N/A	0.132	-0.0459125	-0.042538	-0.0108635	-3.08486e-19	-2.49872e-20	3402.2	1.63425e-13	6.46594e-13	-1.42109e-14	2.88789e-17	-6.88559e-18		
1	1	2	45	0.3		293.5	N/A	0.135	-0.046956	-0.0435048	-0.0111104	-3.15567e-19	-2.55379e-20	3479.53	1.63425e-13	6.60805e-13	0	2.88789e-17	-6.88559e-18		
1	1	2	46	0.3		293.5	N/A	0.138	-0.0479995	-0.0444716	-0.0113573	-3.22647e-19	-2.60885e-20	3556.85	1.7053e-13	6.64357e-13	-2.84217e-14	2.88789e-17	-6.88559e-18		
1	1	2	47	0.3		293.5	N/A	0.141	-0.0490429	-0.0454384	-0.0116042	-3.29728e-19	-2.66391e-20	3634.17	1.63425e-13	6.75016e-13	-4.26326e-14	2.88789e-17	-6.88559e-18		
1	1	2	48	0.3		293.5	N/A	0.144	-0.0500864	-0.0464051	-0.0118511	-3.36808e-19	-2.71897e-20	3711.49	1.56319e-13	6.85674e-13	-7.10543e-14	2.88789e-17	-6.88559e-18		
1	1	2	49	0.3		293.5	N/A	0.147	-0.0511299	-0.0473719	-0.012098	-3.43889e-19	-2.77403e-20	3788.82	1.63425e-13	6.89226e-13	-2.84217e-14	2.88789e-17	-6.88559e-18		
1	1	2	50	0.3		293.5	N/A	0.15	-0.0521733	-0.0483387	-0.0123449	-3.50969e-19	-2.82909e-20	3866.14	1.63425e-13	6.99885e-13	-8.52651e-14	2.88789e-17	-6.88559e-18		
1	1	2	51	0.3		293.5	N/A	0.153	-0.0532168	-0.0493055	-0.0125918	-3.5805e-19	-2.88415e-20	3943.46	1.42109e-13	6.92779e-13	-8.52651e-14	2.88789e-17	-6.88559e-18		
1	1	2	52	0.3		293.5	N/A	0.156	-0.0542603	-0.0502722	-0.0128387	-3.6513e-19	-2.93921e-20	4020.79	1.49214e-13	7.03437e-13	-5.68434e-14	2.88789e-17	-6.88559e-18		
1	1	2	53	0.3		293.5	N/A	0.159	-0.0553037	-0.051239	-0.0130856	-3.72211e-19	-2.99427e-20	4098.11	1.35003e-13	7.14095e-13	-1.13687e-13	2.88789e-17	-6.88559e-18		
1	1	2	54	0.3		293.5	N/A	0.162	-0.0563472	-0.0522058	-0.0133325	-3.79291e-19	-3.04933e-20	4175.43	1.35003e-13	7.17648e-13	-1.13687e-13	2.88789e-17	-6.88559e-18		
1	1	2	55	0.3		293.5	N/A	0.165	-0.0573907	-0.0531726	-0.0135794	-3.86372e-19	-3.10439e-20	4252.75	1.27898e-13	7.28306e-13	-1.42109e-13	2.88789e-17	-6.88559e-18		
1	1	2	56	0.3		293.5	N/A	0.168	-0.0584341	-0.0541393	-0.0138263	-3.93452e-19	-3.15945e-20	4330.08	1.20792e-13	7.38964e-13	-1.13687e-13	2.88789e-17	-6.88559e-18		
1	1	2	57	0.3		293.5	N/A	0.171	-0.0594776	-0.0551061	-0.0140732	-4.00533e-19	-3.21451e-20	4407.4	1.20792e-13	7.38964e-13	-1.42109e-13	2.88789e-17	-6.88559e-18		
1	1	2	58	0.3		293.5	N/A	0.174	-0.0605211	-0.0560729	-0.0143201	-4.07614e-19	-3.26957e-20	4484.72	1.13687e-13	7.4607e-13	-1.7053e-13	2.88789e-17	-6.88559e-18		
1	1	2	59	0.3		293.5	N/A	0.177	-0.0615645	-0.0570397	-0.014567	-4.14694e-19	-3.32463e-20	4562.05	1.13687e-13	7.53175e-13	-1.42109e-13	2.88789e-17	-6.88559e-18		
1	1	2	60	0.3		293.5	N/A	0.18	-0.062608	-0.0580064	-0.0148139	-4.21775e-19	-3.37969e-20	4639.37	9.9476e-14	7.60281e-13	-1.7053e-13	2.88789e-17	-6.88559e-18		
1	1	2	61	0.3		293.5	N/A	0.183	-0.0636515	-0.0589732	-0.0150608	-4.28855e-19	-3.43476e-20	4716.69	9.9476e-14	7.74492e-13	-1.7053e-13	2.88789e-17	-6.88559e-18		
1	1	2	62	0.3		293.5	N/A	0.186	-0.0646949	-0.05994	-0.0153077	-4.35936e-19	-3.48982e-20	4794.01	1.13687e-13	7.74492e-13	-1.7053e-13	2.88789e-17	-6.88559e-18		
1	1	2	63	0.3		293.5	N/A	0.189	-0.0657384	-0.0609068	-0.0155546	-4.43016e-19	-3.54488e-20	4871.34	8.52651e-14	7.81597e-13	-1.7053e-13	2.88789e-17	-6.88559e-18		
1	1	2	64	0.3		293.5	N/A	0.192	-0.0667819	-0.0618735	-0.0158015	-4.50097e-19	-3.59994e-20	4948.66	8.52651e-14	7.88702e-13	-1.98952e-13	2.88789e-17	-6.88559e-18		
1	1	2	65	0.3		293.5	N/A	0.195	-0.0678253	-0.0628403	-0.0160484	-4.57177e-19	-3.655e-20	5025.98	9.9476e-14	7.95808e-13	-2.27374e-13	2.88789e-17	-6.88559e-18		
1	1	2	66	0.3		293.5	N/A	0.198	-0.0688688	-0.0638071	-0.0162953	-4.64258e-19	-3.71006e-20	5103.31	7.10543e-14	8.10019e-13	-1.98952e-13	2.88789e-17	-6.88559e-18		
1	1	2	67	0.3		293.5	N/A	0.201	-0.0699123	-0.0647738	-0.0165422	-4.71338e-19	-3.76512e-20	5180.63	8.52651e-14	8.10019e-13	-2.27374e-13	2.88789e-17	-6.88559e-18		
1	1	2	68	0.3		293.5	N/A	0.204	-0.0709557	-0.0657406	-0.0167891	-4.78419e-19	-3.82018e-20	5257.95	7.10543e-14	8.17124e-13	-2.27374e-13	2.88789e-17	-6.88559e-18		
1	1	2	69	0.3		293.5	N/A	0.207	-0.0719992	-0.0667074	-0.017036	-4.85499e-19	-3.87524e-20	5335.27	5.68434e-14	8.2423e-13	-2.27374e-13	2.88789e-17	-6.88559e-18		
1	1	2	70	0.3		293.5	N/A	0.21	-0.0730427	-0.0676742	-0.0172829	-4.9258e-19	-3.9303e-20	5412.6	7.10543e-14	8.3844e-13	-2.55795e-13	2.88789e-17	-6.88559e-18		
1	1	2	71	0.3		293.5	N/A	0.213	-0.0740861	-0.0686409	-0.0175298	-4.9966e-19	-3.98536e-20	5489.92	5.68434e-14	8.45546e-13	-2.27374e-13	2.88789e-17	-6.88559e-18		
1	1	2	72	0.3		293.5	N/A	0.216	-0.0751296	-0.0696077	-0.0177767	-5.06741e-19	-4.04042e-20	5567.24	5.68434e-14	8.52651e-13	-1.98952e-13	2.88789e-17	-6.88559e-18		
1	1	2	73	0.3		293.5	N/A	0.219	-0.0761731	-0.0705745	-0.0180236	-5.13821e-19	-4.09548e-20	5644.57	4.26326e-14	8.66862e-13	-2.27374e-13	2.88789e-17	-6.88559e-18		
1	1	2	74	0.3		293.5	N/A	0.222	-0.0772165	-0.0715413	-0.0182705	-5.20902e-19	-4.15054e-20	5721.89	5.68434e-14	8.66862e-13	-1.98952e-13	2.88789e-17	-6.88559e-18		
1	1	2	75	0.3		293.5	N/A	0.225	-0.07826	-0.072508	-0.0185174	-5.27983e-19	-4.2056e-20	5799.21	4.26326e-14	8.73968e-13	-1.98952e-13	2.88789e-17	-6.88559e-18		
1	1	2	76	0.3		293.5	N/A	0.228	-0.0793035	-0.0734748	-0.0187643	-5.35063e-19	-4.26066e-20	5876.53	2.84217e-14	8.73968e-13	-1.42109e-13	2.88789e-17	-6.88559e-18		
1	1	2	77	0.3		293.5	N/A	0.231	-0.0803469	-0.0744416	-0.0190112	-5.42144e-19	-4.31573e-20	5953.86	4.26326e-14	8.81073e-13	-1.98952e-13	2.88789e-17	-6.88559e-18		
1	1	2	78	0.3		293.5	N/A	0.234	-0.0813904	-0.0754084	-0.0192581	-5.49224e-19	-4.37079e-20	6031.18	1.42109e-14	8.95284e-13	-1.42109e-13	2.88789e-17	-6.88559e-18		
1	1	2	79	0.3		293.5	N/A	0.237	-0.0824339	-0.0763751	-0.019505	-5.56305e-19	-4.42585e-20	6108.5	2.84217e-14	9.02389e-13	-8.52651e-14	2.88789e-17	-6.88559e-18		
1	1	2	80	0.3		293.5	N/A	0.24	-0.0834774	-0.0773419	-0.0197519	-5.63385e-19	-4.48091e-20	6185.82	2.84217e-14	9.09495e-13	-8.52651e-14	2.88789e-17	-6.88559e-18		
1	1	2	81	0.3		293.5	N/A	0.243	-0.0845208	-0.0783087	-0.0199988	-5.70466e-19	-4.53597e-20	6263.15	0	9.09495e-13	-5.68434e-14	2.88789e-17	-6.88559e-18		
1	1	2	82	0.3		293.5	N/A	0.246	-0.0855643	-0.0792755	-0.0202457	-5.77546e-19	-4.59103e-20	6340.47	2.84217e-14	9.166e-13	0	2.88789e-17	-6.88559e-18		
1	1	2	83	0.3		293.5	N/A	0.249	-0.0866078	-0.0802422	-0.0204926	-5.84627e-19	-4.64609e-20	6417.79	1.42109e-14	9.30811e-13	0	2.88789e-17	-6.88559e-18		
1	1	2	84	0.3		293.5	N/A	0.252	-0.0876512	-0.081209	-0.0207395	-5.91707e-19	-4.70115e-20	6495.12	1.42109e-14	9.37916e-13	5.68434e-14	2.88789e-17	-6.88559e-18		
1	1	2	85	0.3		293.5	N/A	0.255	-0.0886947	-0.0821758	-0.0209864	-5.98788e-19	-4.75621e-20	6572.44	0	9.45022e-13	8.52651e-14	2.88789e-17	-6.88559e-18		
1	1	2	86	0.3		293.5	N/A	0.258	-0.0897382	-0.0831426	-0.0212333	-6.05868e-19	-4.81127e-20	6649.76	0	9.45022e-13	1.42109e-13	2.88789e-17	-6.88559e-18		
1	1	2	87	0.3		293.5	N/A	0.261	-0.0907816	-0.0841093	-0.0214802	-6.12949e-19	-4.86633e-20	6727.08	0	9.52127e-13	1.42109e-13	2.88789e-17	-6.88559e-18		
1	1	2	88	0.3		293.5	N/A	0.264	-0.0918251	-0.0850761	-0.021727	-6.20029e-19	-4.92139e-20	6804.41	-1.42109e-14	9.66338e-13	1.7053e-13	2.88789e-17	-6.88559e-18		
1	1	2	89	0.3		293.5	N/A	0.267	-0.0928686	-0.0860429	-0.0219739	-6.2711e-19	-4.97645e-20	6881.73	0	9.80549e-13	1.98952e-13	2.88789e-17	-6.88559e-18		
1	1	2	90	0.3		293.5	N/A	0.27	-0.093912	-0.0870096	-0.0222208	-6.3419e-19	-5.03151e-20	6959.05	-2.84217e-14	9.66338e-13	2.84217e-13	2.88789e-17	-6.88559e-18		
1	1	2	91	0.3		293.5	N/A	0.273	-0.0949555	-0.0879764	-0.0224677	-6.41271e-19	-5.08657e-20	7036.38	-2.84217e-14	9.80549e-13	2.84217e-13	2.88789e-17	-6.88559e-18		
1	1	2	92	0.3		293.5	N/A	0.276	-0.095999	-0.0889432	-0.0227146	-6.48351e-19	-5.14163e-20	7113.7	-1.42109e-14	9.87654e-13	3.12639e-13	2.88789e-17	-6.88559e-18		
1	1	2	93	0.3		293.5	N/A	0.279	-0.0970424	-0.08991	-0.0229615	-6.55432e-19	-5.19669e-20	7191.02	-4.26326e-14	1.00187e-12	3.12639e-13	2.88789e-17	-6.88559e-18		
1	1	2	94	0.3		293.5	N/A	0.282	-0.0980859	-0.0908767	-0.0232084	-6.62513e-19	-5.25176e-20	7268.34	-2.84217e-14	1.01608e-12	3.69482e-13	2.88789e-17	-6.88559e-18		
1	1	2	95	0.3		293.5	N/A	0.285	-0.0991294	-0.0918435	-0.0234553	-6.69593e-19	-5.30682e-20	7345.67	-4.26326e-14	1.00187e-12	4.26326e-13	2.88789e-17	-6.88559e-18		
1	1	2	96	0.3		293.5	N/A	0.288	-0.100173	-0.0928103	-0.0237022	-6.76674e-19	-5.36188e-20	7422.99	-5.68434e-14	1.01608e-12	4.54747e-13	2.88789e-17	-6.88559e-18		
1	1	2	97	0.3		293.5	N/A	0.291	-0.101216	-0.0937771	-0.0239491	-6.83754e-19	-5.41694e-20	7500.31	-4.26326e-14	1.02318e-12	4.54747e-13	2.88789e-17	-6.88559e-18		
1	1	2	98	0.3		293.5	N/A	0.294	-0.10226	-0.0947438	-0.024196	-6.90835e-19	-5.472e-20	7577.64	-7.10543e-14	1.03739e-12	5.11591e-13	2.88789e-17	-6.88559e-18		
1	1	2	99	0.3		293.5	N/A	0.297	-0.103303	-0.0957106	-0.0244429	-6.97915e-19	-5.52706e-20	7654.96	-4.26326e-14	1.0516e-12	5.11591e-13	2.88789e-17	-6.88559e-18		
1	1	2	100	0.3		293.5	N/A	0.3	-0.104347	-0.0966774	-0.0246898	-7.04996e-19	-5.58212e-20	7732.28	-7.10543e-14	1.03029e-12	5.68434e-13	2.88789e-17	-6.88559e-18		
